-1 1
0 293
1 425
2 321
3 171
4 380
5 99
6 103
7 187
8 346
9 79
10 60
11 107
12 89
13 115
14 153
15 148
16 243
17 123
18 93
19 115
20 87
21 115
22 109
23 94
24 125
25 138
26 107
27 140
28 187
29 159
30 211
31 165
32 353
33 90
34 77
35 143
36 132
37 127
38 84
39 128
40 79
41 97
42 98
43 123
44 93
45 161
46 105
47 81
48 123
49 160
50 123
51 143
52 154
53 155
54 121
55 120
56 190
57 166
58 146
59 163
60 163
61 173
62 178
63 131
64 398
65 139
66 66
67 118
68 101
69 106
70 158
71 166
72 121
73 135
74 99
75 155
76 122
77 150
78 140
79 163
80 76
81 102
82 121
83 119
84 92
85 119
86 149
87 125
88 109
89 125
90 189
91 136
92 138
93 145
94 135
95 123
96 87
97 94
98 94
99 210
100 112
101 124
102 121
103 156
104 156
105 193
106 111
107 200
108 97
109 173
110 148
111 133
112 156
113 165
114 102
115 172
116 143
117 131
118 167
119 154
120 161
121 145
122 173
123 149
124 147
125 139
126 138
127 140
128 263
129 96
130 138
131 136
132 76
133 81
134 144
135 120
136 108
137 134
138 108
139 97
140 173
141 140
142 198
143 154
144 103
145 125
146 169
147 130
148 77
149 118
150 162
151 120
152 118
153 127
154 162
155 94
156 166
157 146
158 218
159 149
160 101
161 110
162 136
163 136
164 136
165 118
166 154
167 159
168 116
169 153
170 134
171 143
172 121
173 159
174 136
175 149
176 83
177 133
178 156
179 124
180 196
181 182
182 152
183 132
184 144
185 135
186 152
187 153
188 129
189 138
190 128
191 108
192 114
193 115
194 104
195 158
196 136
197 87
198 171
199 203
200 123
201 136
202 100
203 136
204 130
205 155
206 174
207 176
208 129
209 156
210 132
211 207
212 154
213 156
214 161
215 168
216 124
217 108
218 179
219 180
220 151
221 150
222 150
223 131
224 140
225 157
226 146
227 182
228 122
229 114
230 170
231 200
232 158
233 151
234 180
235 154
236 154
237 159
238 133
239 136
240 151
241 163
242 145
243 129
244 139
245 156
246 162
247 138
248 136
249 139
250 133
251 137
252 115
253 123
254 121
255 110
